11:53:18.752 21 dc 62 00 62 00 72 63 02 01 71 01 63 14 39 00 00 00 1b 1b 1b 1b 1a 02 9c a9 1b 1b 1b 1b 01 01 01 01 76 05 1b 34 21 dd 62 
11:53:18.754 : 77 01 0b 0a 01 49 53 4b 00 04 74 be bf 07 01 00 62 0a ff ff 72 62 01 65 09 11 5f 62 73 
11:53:18.754 : 77 07 01 00 60 32 01 01 01 01 01 01 04 49 53 4b 01 
11:53:18.803 : 77 07 01 00 60 01 00 ff 01 01 01 01 0b 0a 01 49 53 4b 00 04 74 be bf 01 
11:53:19.752 : 77 07 01 00 01 08 00 ff 65 00 1c 81 04 01 62 1e 52 03 63 39 79 01 01 01 63 b6 47 00 76 05 1b 34 21 df 62 00 62 00 72 63 
11:53:19.754 : 77 01 0b 0a 01 49 53 4b 00 04 74 be bf 07 01 00 62 0a ff ff 72 62 01 65 09 11 5f 63 73 
11:53:19.755 : 77 07 01 00 60 32 01 01 01 01 01 01 04 49 53 4b 01 
11:53:19.803 : 77 07 01 00 60 01 00 ff 01 01 01 01 0b 0a 01 49 53 4b 00 04 74 be bf 01 
11:53:20.708 : 77 07 01 00 01 08 00 ff 65 00 1c 81 04 01 62 1e 52 03 63 39 79 01 01 01 63 a0 78 00 76 05 1b 34 21 e2 62 00 62 00 72 63 
11:53:20.758 : 77 01 0b 0a 01 49 53 4b 00 04 74 be bf 07 01 00 62 0a ff ff 72 62 01 65 09 11 5f 64 73 
11:53:20.759 : 77 07 01 00 60 32 01 01 01 01 01 01 04 49 53 4b 01 
11:53:20.808 : 77 07 01 00 60 01 00 ff 01 01 01 01 0b 0a 01 49 53 4b 00 04 74 be bf 01 
11:53:21.708 : 77 07 01 00 01 08 00 ff 65 00 1c 81 04 01 62 1e 52 03 63 39 79 01 01 01 63 0c 0d 00 76 05 1b 34 21 e5 62 00 62 00 72 63 
11:53:21.758 : 77 01 0b 0a 01 49 53 4b 00 04 74 be bf 07 01 00 62 0a ff ff 72 62 01 65 09 11 5f 65 73 
11:53:21.759 : 77 07 01 00 60 32 01 01 01 01 01 01 04 49 53 4b 01 
11:53:21.808 : 77 07 01 00 60 01 00 ff 01 01 01 01 0b 0a 01 49 53 4b 00 04 74 be bf 01 
11:53:22.735 : 77 07 01 00 01 08 00 ff 65 00 1c 81 04 01 62 1e 52 03 63 39 79 01 01 01 63 e5 1f 00 76 05 1b 34 21 e8 62 00 62 00 72 63 
11:53:22.736 : 77 01 0b 0a 01 49 53 4b 00 04 74 be bf 07 01 00 62 0a ff ff 72 62 01 65 09 11 5f 66 73 
11:53:22.785 : 77 07 01 00 60 32 01 01 01 01 01 01 04 49 53 4b 01 
11:53:22.786 : 77 07 01 00 60 01 00 ff 01 01 01 01 0b 0a 01 49 53 4b 00 04 74 be bf 01 
11:53:23.736 : 77 07 01 00 01 08 00 ff 65 00 1c 81 04 01 62 1e 52 03 63 39 79 01 01 01 63 fc 26 00 76 05 1b 34 21 eb 62 00 62 00 72 63 
11:53:23.737 : 77 01 0b 0a 01 49 53 4b 00 04 74 be bf 07 01 00 62 0a ff ff 72 62 01 65 09 11 5f 67 73 
11:53:23.786 : 77 07 01 00 60 32 01 01 01 01 01 01 04 49 53 4b 01 
11:53:23.786 : 77 07 01 00 60 01 00 ff 01 01 01 01 0b 0a 01 49 53 4b 00 04 74 be bf 01 
11:53:24.741 : 77 07 01 00 01 08 00 ff 65 00 1c 81 04 01 62 1e 52 03 63 39 79 01 01 01 63 04 33 00 76 05 1b 34 21 ee 62 00 62 00 72 63 
11:53:24.742 : 77 01 0b 0a 01 49 53 4b 00 04 74 be bf 07 01 00 62 0a ff ff 72 62 01 65 09 11 5f 68 73 
11:53:24.791 : 77 07 01 00 60 32 01 01 01 01 01 01 04 49 53 4b 01 
11:53:24.791 : 77 07 01 00 60 01 00 ff 01 01 01 01 0b 0a 01 49 53 4b 00 04 74 be bf 01 
11:53:25.700 : 77 07 01 00 01 08 00 ff 65 00 1c 81 04 01 62 1e 52 03 63 39 79 01 01 01 63 e0 d1 00 76 05 1b 34 21 f1 62 00 62 00 72 63 
11:53:25.749 : 77 01 0b 0a 01 49 53 4b 00 04 74 be bf 07 01 00 62 0a ff ff 72 62 01 65 09 11 5f 69 73 
11:53:25.750 : 77 07 01 00 60 32 01 01 01 01 01 01 04 49 53 4b 01 
11:53:25.799 : 77 07 01 00 60 01 00 ff 01 01 01 01 0b 0a 01 49 53 4b 00 04 74 be bf 01 
11:53:26.754 : 77 07 01 00 01 08 00 ff 65 00 1c 81 04 01 62 1e 52 03 63 39 79 01 01 01 63 09 c3 00 76 05 1b 34 21 f4 62 00 62 00 72 63 
11:53:26.755 : 77 01 0b 0a 01 49 53 4b 00 04 74 be bf 07 01 00 62 0a ff ff 72 62 01 65 09 11 5f 6a 73 
11:53:26.756 : 77 07 01 00 60 32 01 01 01 01 01 01 04 49 53 4b 01 
11:53:26.804 : 77 07 01 00 60 01 00 ff 01 01 01 01 0b 0a 01 49 53 4b 00 04 74 be bf 01 
11:53:30.522 : 77 07 01 00 01 08 00 ff 65 00 1c 81 04 01 62 1e 52 03 63 39 79 01 01 01 63 32 f4 00 76 05 1b 34 21 f7 62 00 62 00 72 63 
11:53:30.523 : 77 01 0b 0a 01 49 53 4b 00 04 74 be bf 07 01 00 62 0a ff ff 72 62 01 65 09 11 5f 6b 73 
11:53:30.524 : 77 07 01 00 60 32 01 01 01 01 01 01 04 49 53 4b 01 
11:53:30.526 : 77 07 01 00 60 01 00 ff 01 01 01 01 0b 0a 01 49 53 4b 00 04 74 be bf 01 
11:53:30.529 : 77 07 01 00 01 08 00 ff 65 00 1c 81 04 01 62 1e 52 03 63 39 79 01 01 01 63 e8 ef 00 76 05 1b 34 21 fa 62 00 62 00 72 63 
11:53:30.746 : 77 07 01 00 01 08 00 ff 65 00 1c 81 04 01 62 1e 52 03 63 39 79 01 01 01 63 ad 88 00 76 05 1b 34 22 00 62 00 62 00 72 63 
11:53:30.747 : 77 01 0b 0a 01 49 53 4b 00 04 74 be bf 07 01 00 62 0a ff ff 72 62 01 65 09 11 5f 6e 73 
11:53:30.796 : 77 07 01 00 60 32 01 01 01 01 01 01 04 49 53 4b 01 
11:53:30.796 : 77 07 01 00 60 01 00 ff 01 01 01 01 0b 0a 01 49 53 4b 00 04 74 be bf 01 
11:53:31.746 : 77 07 01 00 01 08 00 ff 65 00 1c 81 04 01 62 1e 52 03 63 39 79 01 01 01 63 88 44 00 76 05 1b 34 22 03 62 00 62 00 72 63 
11:53:31.746 : 77 01 0b 0a 01 49 53 4b 00 04 74 be bf 07 01 00 62 0a ff ff 72 62 01 65 09 11 5f 6f 73 
11:53:31.796 : 77 07 01 00 60 32 01 01 01 01 01 01 04 49 53 4b 01 
11:53:31.797 : 77 07 01 00 60 01 00 ff 01 01 01 01 0b 0a 01 49 53 4b 00 04 74 be bf 01 
11:53:32.750 : 77 07 01 00 01 08 00 ff 65 00 1c 81 04 01 62 1e 52 03 63 39 79 01 01 01 63 70 51 00 76 05 1b 34 22 06 62 00 62 00 72 63 
11:53:32.752 : 77 01 0b 0a 01 49 53 4b 00 04 74 be bf 07 01 00 62 0a ff ff 72 62 01 65 09 11 5f 70 73 
11:53:32.752 : 77 07 01 00 60 32 01 01 01 01 01 01 04 49 53 4b 01 
11:53:32.801 : 77 07 01 00 60 01 00 ff 01 01 01 01 0b 0a 01 49 53 4b 00 04 74 be bf 01 
11:53:33.702 : 77 07 01 00 01 08 00 ff 65 00 1c 81 04 01 62 1e 52 03 63 39 79 01 01 01 63 9d ad 00 76 05 1b 34 22 09 62 00 62 00 72 63 
11:53:33.752 : 77 01 0b 0a 01 49 53 4b 00 04 74 be bf 07 01 00 62 0a ff ff 72 62 01 65 09 11 5f 71 73 
11:53:33.753 : 77 07 01 00 60 32 01 01 01 01 01 01 04 49 53 4b 01 
11:53:33.802 : 77 07 01 00 60 01 00 ff 01 01 01 01 0b 0a 01 49 53 4b 00 04 74 be bf 01 
11:53:34.706 : 77 07 01 00 01 08 00 ff 65 00 1c 81 04 01 62 1e 52 03 63 39 79 01 01 01 63 74 bf 00 76 05 1b 34 22 0c 62 00 62 00 72 63 
11:53:34.756 : 77 01 0b 0a 01 49 53 4b 00 04 74 be bf 07 01 00 62 0a ff ff 72 62 01 65 09 11 5f 72 73 
11:53:34.757 : 77 07 01 00 60 32 01 01 01 01 01 01 04 49 53 4b 01 
11:53:34.806 : 77 07 01 00 60 01 00 ff 01 01 01 01 0b 0a 01 49 53 4b 00 04 74 be bf 01 
11:53:35.707 : 77 07 01 00 01 08 00 ff 65 00 1c 81 04 01 62 1e 52 03 63 39 79 01 01 01 63 4f 88 00 76 05 1b 34 22 0f 62 00 62 00 72 63 
11:53:35.757 : 77 01 0b 0a 01 49 53 4b 00 04 74 be bf 07 01 00 62 0a ff ff 72 62 01 65 09 11 5f 73 73 
11:53:35.759 : 77 07 01 00 60 32 01 01 01 01 01 01 04 49 53 4b 01 
11:53:35.807 : 77 07 01 00 60 01 00 ff 01 01 01 01 0b 0a 01 49 53 4b 00 04 74 be bf 01 
11:53:36.712 : 77 07 01 00 01 08 00 ff 65 00 1c 81 04 01 62 1e 52 03 63 39 79 01 01 01 63 d1 8f 00 76 05 1b 34 22 12 62 00 62 00 72 63 
11:53:36.762 : 77 01 0b 0a 01 49 53 4b 00 04 74 be bf 07 01 00 62 0a ff ff 72 62 01 65 09 11 5f 74 73 
11:53:36.763 : 77 07 01 00 60 32 01 01 01 01 01 01 04 49 53 4b 01 
11:53:36.812 : 77 07 01 00 60 01 00 ff 01 01 01 01 0b 0a 01 49 53 4b 00 04 74 be bf 01 
11:53:37.720 : 77 07 01 00 01 08 00 ff 65 00 1c 81 04 01 62 1e 52 03 63 39 79 01 01 01 63 7d fa 00 76 05 1b 34 22 15 62 00 62 00 72 63 
11:53:37.721 : 77 00 76 05 1b 34 22 17 62 00 62 00 72 63 07 01 
11:53:37.770 : 77 01 0b 0a 01 49 53 4b 00 04 74 be bf 07 01 00 62 0a ff ff 72 62 01 65 09 11 5f 75 73 
11:53:37.771 : 77 07 01 00 60 32 01 01 01 01 01 01 04 49 53 4b 01 
11:53:37.819 : 77 07 01 00 60 01 00 ff 01 01 01 01 0b 0a 01 49 53 4b 00 04 74 be bf 01 
11:53:38.727 : 77 07 01 00 01 08 00 ff 65 00 1c 81 04 01 62 1e 52 03 63 39 79 01 01 01 63 94 e8 00 76 05 1b 34 22 18 62 00 62 00 72 63 
11:53:38.728 : 77 01 0b 0a 01 49 53 4b 00 04 74 be bf 07 01 00 62 0a ff ff 72 62 01 65 09 11 5f 76 73 
11:53:38.777 : 77 07 01 00 60 32 01 01 01 01 01 01 04 49 53 4b 01 
11:53:38.778 : 77 07 01 00 60 01 00 ff 01 01 01 01 0b 0a 01 49 53 4b 00 04 74 be bf 01 
11:53:39.729 : 77 07 01 00 01 08 00 ff 65 00 1c 81 04 01 62 1e 52 03 63 39 79 01 01 01 63 8d d1 00 76 05 1b 34 22 1b 62 00 62 00 72 63 
11:53:39.730 : 77 01 63 50 71 00 76 05 1b 34 22 1d 62 00 62 00 72 63 07 01 
11:53:39.779 : 77 01 0b 0a 01 49 53 4b 00 04 74 be bf 07 01 00 62 0a ff ff 72 62 01 65 09 11 5f 
11:53:39.779 : 77 73 
11:53:39.780 : 77 07 01 00 60 32 01 01 01 01 01 01 04 49 53 4b 01 
11:53:39.781 : 77 07 01 00 60 01 00 ff 01 01 01 01 0b 0a 01 49 53 4b 00 04 74 be bf 01 
11:53:40.735 : 77 07 01 00 01 08 00 ff 65 00 1c 81 04 01 62 1e 52 03 63 39 79 01 01 01 63 75 c4 00 76 05 1b 34 22 1e 62 00 62 00 72 63 
11:53:40.737 : 77 01 0b 0a 01 49 53 4b 00 04 74 be bf 07 01 00 62 0a ff ff 72 62 01 65 09 11 5f 78 73 
11:53:40.785 : 77 07 01 00 60 32 01 01 01 01 01 01 04 49 53 4b 01 
11:53:40.786 : 77 07 01 00 60 01 00 ff 01 01 01 01 0b 0a 01 49 53 4b 00 04 74 be bf 01 
11:53:41.735 : 77 07 01 00 01 08 00 ff 65 00 1c 81 04 01 62 1e 52 03 63 39 79 01 01 01 63 19 1e 00 76 05 1b 34 22 21 62 00 62 00 72 63 
11:53:41.737 : 77 01 0b 0a 01 49 53 4b 00 04 74 be bf 07 01 00 62 0a ff ff 72 62 01 65 09 11 5f 79 73 
11:53:41.785 : 77 07 01 00 60 32 01 01 01 01 01 01 04 49 53 4b 01 
11:53:41.786 : 77 07 01 00 60 01 00 ff 01 01 01 01 0b 0a 01 49 53 4b 00 04 74 be bf 01 
11:53:42.744 : 77 07 01 00 01 08 00 ff 65 00 1c 81 04 01 62 1e 52 03 63 39 79 01 01 01 63 f0 0c 00 76 05 1b 34 22 24 62 00 62 00 72 63 
11:53:42.746 : 77 01 0b 0a 01 49 53 4b 00 04 74 be bf 07 01 00 62 0a ff ff 72 62 01 65 09 11 5f 7a 73 
11:53:42.794 : 77 07 01 00 60 32 01 01 01 01 01 01 04 49 53 4b 01 
11:53:42.796 : 77 07 01 00 60 01 00 ff 01 01 01 01 0b 0a 01 49 53 4b 00 04 74 be bf 01 
11:53:43.744 : 77 07 01 00 01 08 00 ff 65 00 1c 81 04 01 62 1e 52 03 63 39 79 01 01 01 63 cb 3b 00 76 05 1b 34 22 27 62 00 62 00 72 63 
11:53:43.746 : 77 01 0b 0a 01 49 53 4b 00 04 74 be bf 07 01 00 62 0a ff ff 72 62 01 65 09 11 5f 7b 73 
11:53:43.747 : 77 07 01 00 60 32 01 01 01 01 01 01 04 49 53 4b 01 
11:53:43.795 : 77 07 01 00 60 01 00 ff 01 01 01 01 0b 0a 01 49 53 4b 00 04 74 be bf 01 
11:53:44.750 : 77 07 01 00 01 08 00 ff 65 00 1c 81 04 01 62 1e 52 03 63 39 79 01 01 01 63 11 20 00 76 05 1b 34 22 2a 62 00 62 00 72 63 
11:53:44.751 : 77 01 0b 0a 01 49 53 4b 00 04 74 be bf 07 01 00 62 0a ff ff 72 62 01 65 09 11 5f 7c 73 
11:53:44.799 : 77 07 01 00 60 32 01 01 01 01 01 01 04 49 53 4b 01 
11:53:44.801 : 77 07 01 00 60 01 00 ff 01 01 01 01 0b 0a 01 49 53 4b 00 04 74 be bf 01 
11:53:45.750 : 77 07 01 00 01 08 00 ff 65 00 1c 81 04 01 62 1e 52 03 63 39 79 01 01 01 63 bd 55 00 76 05 1b 34 22 2d 62 00 62 00 72 63 
11:53:45.751 : 77 01 0b 0a 01 49 53 4b 00 04 74 be bf 07 01 00 62 0a ff ff 72 62 01 65 09 11 5f 7d 73 
11:53:45.799 : 77 07 01 00 60 32 01 01 01 01 01 01 04 49 53 4b 01 
11:53:45.801 : 77 07 01 00 60 01 00 ff 01 01 01 01 0b 0a 01 49 53 4b 00 04 74 be bf 01 
11:53:46.711 : 77 07 01 00 01 08 00 ff 65 00 1c 81 04 01 62 1e 52 03 63 39 79 01 01 01 63 54 47 00 76 05 1b 34 22 30 62 00 62 00 72 63 
11:53:46.761 : 77 01 0b 0a 01 49 53 4b 00 04 74 be bf 07 01 00 62 0a ff ff 72 62 01 65 09 11 5f 7e 73 
11:53:46.762 : 77 07 01 00 60 32 01 01 01 01 01 01 04 49 53 4b 01 
11:53:46.811 : 77 07 01 00 60 01 00 ff 01 01 01 01 0b 0a 01 49 53 4b 00 04 74 be bf 01 
11:53:47.711 : 77 07 01 00 01 08 00 ff 65 00 1c 81 04 01 62 1e 52 03 63 39 79 01 01 01 63 09 62 00 76 05 1b 34 22 33 62 00 62 00 72 63 
11:53:47.761 : 77 01 0b 0a 01 49 53 4b 00 04 74 be bf 07 01 00 62 0a ff ff 72 62 01 65 09 11 5f 7f 73 
11:53:47.762 : 77 07 01 00 60 32 01 01 01 01 01 01 04 49 53 4b 01 
11:53:47.811 : 77 07 01 00 60 01 00 ff 01 01 01 01 0b 0a 01 49 53 4b 00 04 74 be bf 01 
11:53:47.811 : 77 07 01 00 01 08 00 ff 65 00 1c 81 04 01 62 1e 52 03 63 39 79 01 01 01 63 f1 
11:53:48.716 : 77 00 76 05 1b 34 22 36 62 00 62 00 72 63 02 01 71 01 63 e6 14 00 00 00 1b 1b 1b 1b 1a 02 47 14 1b 1b 1b 1b 01 01 01 01 
11:53:48.766 : 77 01 0b 0a 01 49 53 4b 00 04 74 be bf 07 01 00 62 0a ff ff 72 62 01 65 09 11 5f 80 73 
11:53:48.767 : 77 07 01 00 60 32 01 01 01 01 01 01 04 49 53 4b 01 
11:53:48.816 : 77 07 01 00 60 01 00 ff 01 01 01 01 0b 0a 01 49 53 4b 00 04 74 be bf 01 
11:53:50.679 : 77 07 01 00 01 08 00 ff 65 00 1c 81 04 01 62 1e 52 03 63 39 79 01 01 01 63 da 94 00 76 05 1b 34 22 39 62 00 62 00 72 63 
11:53:50.681 : 77 01 0b 0a 01 49 53 4b 00 04 74 be bf 07 01 00 62 0a ff ff 72 62 01 65 09 11 5f 81 73 
11:53:50.682 : 77 07 01 00 60 32 01 01 01 01 01 01 04 49 53 4b 01 
11:53:50.682 : 77 07 01 00 60 01 00 ff 01 01 01 01 0b 0a 01 49 53 4b 00 04 74 be bf 01 
11:53:50.750 : 77 07 01 00 01 08 00 ff 65 00 1c 81 04 01 62 1e 52 03 63 39 79 01 01 01 63 33 86 00 76 05 1b 34 22 3c 62 00 62 00 72 63 
11:53:50.752 : 77 01 0b 0a 01 49 53 4b 00 04 74 be bf 07 01 00 62 0a ff ff 72 62 01 65 09 11 5f 82 73 
11:53:50.753 : 77 07 01 00 60 32 01 01 01 01 01 01 04 49 53 4b 01 
11:53:50.801 : 77 07 01 00 60 01 00 ff 01 01 01 01 0b 0a 01 49 53 4b 00 04 74 be bf 01 
11:53:51.701 : 77 07 01 00 01 08 00 ff 65 00 1c 81 04 01 62 1e 52 03 63 39 79 01 01 01 63 08 b1 00 76 05 1b 34 22 3f 62 00 62 00 72 63 
11:53:51.751 : 77 01 0b 0a 01 49 53 4b 00 04 74 be bf 07 01 00 62 0a ff ff 72 62 01 65 09 11 5f 83 73 
11:53:51.752 : 77 07 01 00 60 32 01 01 01 01 01 01 04 49 53 4b 01 
11:53:51.801 : 77 07 01 00 60 01 00 ff 01 01 01 01 0b 0a 01 49 53 4b 00 04 74 be bf 01 
11:53:52.755 : 77 07 01 00 01 08 00 ff 65 00 1c 81 04 01 62 1e 52 03 63 39 79 01 01 01 63 0e ff 00 76 05 1b 34 22 42 62 00 62 00 72 63 
11:53:52.757 : 77 01 0b 0a 01 49 53 4b 00 04 74 be bf 07 01 00 62 0a ff ff 72 62 01 65 09 11 5f 84 73 
11:53:52.758 : 77 07 01 00 60 32 01 01 01 01 01 01 04 49 53 4b 01 
11:53:52.806 : 77 07 01 00 60 01 00 ff 01 01 01 01 0b 0a 01 49 53 4b 00 04 74 be bf 01 
11:53:53.756 : 77 07 01 00 01 08 00 ff 65 00 1c 81 04 01 62 1e 52 03 63 39 79 01 01 01 63 a2 8a 00 76 05 1b 34 22 45 62 00 62 00 72 63 
11:53:53.757 : 77 01 0b 0a 01 49 53 4b 00 04 74 be bf 07 01 00 62 0a ff ff 72 62 01 65 09 11 5f 85 73 
11:53:53.758 : 77 07 01 00 60 32 01 01 01 01 01 01 04 49 53 4b 01 
11:53:53.806 : 77 07 01 00 60 01 00 ff 01 01 01 01 0b 0a 01 49 53 4b 00 04 74 be bf 01 
11:53:54.781 : 77 07 01 00 01 08 00 ff 65 00 1c 81 04 01 62 1e 52 03 63 39 79 01 01 01 63 4b 98 00 76 05 1b 34 22 48 62 00 62 00 72 63 
11:53:54.783 : 77 01 0b 0a 01 49 53 4b 00 04 74 be bf 07 01 00 62 0a ff ff 72 62 01 65 09 11 5f 86 73 
11:53:54.784 : 77 07 01 00 60 32 01 01 01 01 01 01 04 49 53 4b 01 
11:53:54.785 : 77 07 01 00 60 01 00 ff 01 01 01 01 0b 0a 01 49 53 4b 00 04 74 be bf 01 
11:53:55.704 : 77 07 01 00 01 08 00 ff 65 00 1c 81 04 01 62 1e 52 03 63 39 79 01 01 01 63 52 a1 00 76 05 1b 34 22 4b 62 00 62 00 72 63 
11:53:55.753 : 77 01 0b 0a 01 49 53 4b 00 04 74 be bf 07 01 00 62 0a ff ff 72 62 01 65 09 11 5f 87 73 
11:53:55.754 : 77 07 01 00 60 32 01 01 01 01 01 01 04 49 53 4b 01 
11:53:55.803 : 77 07 01 00 60 01 00 ff 01 01 01 01 0b 0a 01 49 53 4b 00 04 74 be bf 01 
11:53:56.704 : 77 07 01 00 01 08 00 ff 65 00 1c 81 04 01 62 1e 52 03 63 39 79 01 01 01 63 aa b4 00 76 05 1b 34 22 4e 62 00 62 00 72 63 
11:53:56.753 : 77 01 0b 0a 01 49 53 4b 00 04 74 be bf 07 01 00 62 0a ff ff 72 62 01 65 09 11 5f 88 73 
11:53:56.754 : 77 07 01 00 60 32 01 01 01 01 01 01 04 49 53 4b 01 
11:53:56.809 : 77 07 01 00 60 01 00 ff 01 01 01 01 0b 0a 01 49 53 4b 00 04 74 be bf 01 
11:53:58.052 : 77 07 01 00 01 08 00 ff 65 00 1c 81 04 01 62 1e 52 03 63 39 79 01 01 01 63 4e 56 00 76 05 1b 34 22 51 62 00 62 00 72 63 
11:53:58.053 : 77 01 0b 0a 01 49 53 4b 00 04 74 be bf 07 01 00 62 0a ff ff 72 62 01 65 09 11 5f 89 73 
11:53:58.054 : 77 07 01 00 60 32 01 01 01 01 01 01 04 49 53 4b 01 
11:53:58.055 : 77 07 01 00 60 01 00 ff 01 01 01 01 0b 0a 01 49 53 4b 00 04 74 be bf 01 
11:53:58.717 : 77 07 01 00 01 08 00 ff 65 00 1c 81 04 01 62 1e 52 03 63 39 79 01 01 01 63 a7 44 00 76 05 1b 34 22 54 62 00 62 00 72 63 
11:53:58.767 : 77 01 0b 0a 01 49 53 4b 00 04 74 be bf 07 01 00 62 0a ff ff 72 62 01 65 09 11 5f 8a 73 
11:53:58.768 : 77 07 01 00 60 32 01 01 01 01 01 01 04 49 53 4b 01 
11:53:58.822 : 77 07 01 00 60 01 00 ff 01 01 01 01 0b 0a 01 49 53 4b 00 04 74 be bf 01 
11:53:59.723 : 77 07 01 00 01 08 00 ff 65 00 1c 81 04 01 62 1e 52 03 63 39 79 01 01 01 63 9c 73 00 76 05 1b 34 22 57 62 00 62 00 72 63 
11:53:59.773 : 77 01 0b 0a 01 49 53 4b 00 04 74 be bf 07 01 00 62 0a ff ff 72 62 01 65 09 11 5f 8b 73 
11:53:59.774 : 77 07 01 00 60 32 01 01 01 01 01 01 04 49 53 4b 01 
11:53:59.775 : 77 07 01 00 60 01 00 ff 01 01 01 01 0b 0a 01 49 53 4b 00 04 74 be bf 01 
11:54:01.021 : 77 07 01 00 01 08 00 ff 65 00 1c 81 04 01 62 1e 52 03 63 39 79 01 01 01 63 46 68 00 76 05 1b 34 22 5a 62 00 62 00 72 63 
11:54:01.023 : 77 01 0b 0a 01 49 53 4b 00 04 74 be bf 07 01 00 62 0a ff ff 72 62 01 65 09 11 5f 8c 73 
11:54:01.024 : 77 07 01 00 60 32 01 01 01 01 01 01 04 49 53 4b 01 
11:54:01.025 : 77 07 01 00 60 01 00 ff 01 01 01 01 0b 0a 01 49 53 4b 00 04 74 be bf 01 
11:54:01.740 : 77 07 01 00 01 08 00 ff 65 00 1c 81 04 01 62 1e 52 03 63 39 79 01 01 01 63 ea 1d 00 76 05 1b 34 22 5d 62 00 62 00 72 63 
11:54:01.741 : 77 01 0b 0a 01 49 53 4b 00 04 74 be bf 07 01 00 62 0a ff ff 72 62 01 65 09 11 5f 8d 73 
11:54:01.790 : 77 07 01 00 60 32 01 01 01 01 01 01 04 49 53 4b 01 
11:54:01.791 : 77 07 01 00 60 01 00 ff 01 01 01 01 0b 0a 01 49 53 4b 00 04 74 be bf 01 
11:54:02.740 : 77 07 01 00 01 08 00 ff 65 00 1c 81 04 01 62 1e 52 03 63 39 79 01 01 01 63 03 0f 00 76 05 1b 34 22 60 62 00 62 00 72 63 
11:54:02.741 : 77 01 0b 0a 01 49 53 4b 00 04 74 be bf 07 01 00 62 0a ff ff 72 62 01 65 09 11 5f 8e 73 
11:54:02.790 : 77 07 01 00 60 32 01 01 01 01 01 01 04 49 53 4b 01 
11:54:02.791 : 77 07 01 00 60 01 00 ff 01 01 01 01 0b 0a 01 49 53 4b 00 04 74 be bf 01 
11:54:03.745 : 77 07 01 00 01 08 00 ff 65 00 1c 81 04 01 62 1e 52 03 63 39 79 01 01 01 63 d6 12 00 76 05 1b 34 22 63 62 00 62 00 72 63 
11:54:03.746 : 77 01 0b 0a 01 49 53 4b 00 04 74 be bf 07 01 00 62 0a ff ff 72 62 01 65 09 11 5f 8f 73 
11:54:03.794 : 77 07 01 00 60 32 01 01 01 01 01 01 04 49 53 4b 01 
11:54:03.796 : 77 07 01 00 60 01 00 ff 01 01 01 01 0b 0a 01 49 53 4b 00 04 74 be bf 01 
11:54:04.745 : 77 07 01 00 01 08 00 ff 65 00 1c 81 04 01 62 1e 52 03 63 39 79 01 01 01 63 2e 07 00 76 05 1b 34 22 66 62 00 62 00 72 63 
11:54:04.746 : 77 01 0b 0a 01 49 53 4b 00 04 74 be bf 07 01 00 62 0a ff ff 72 62 01 65 09 11 5f 90 73 
11:54:04.794 : 77 07 01 00 60 32 01 01 01 01 01 01 04 49 53 4b 01 
11:54:04.796 : 77 07 01 00 60 01 00 ff 01 01 01 01 0b 0a 01 49 53 4b 00 04 74 be bf 01 
11:54:05.721 : 77 07 01 00 01 08 00 ff 65 00 1c 81 04 01 62 1e 52 03 63 39 79 01 01 01 63 c3 fb 00 76 05 1b 34 22 69 62 00 62 00 72 63 
11:54:05.771 : 77 01 0b 0a 01 49 53 4b 00 04 74 be bf 07 01 00 62 0a ff ff 72 62 01 65 09 11 5f 91 73 
11:54:05.772 : 77 07 01 00 60 32 01 01 01 01 01 01 04 49 53 4b 01 
11:54:05.821 : 77 07 01 00 60 01 00 ff 01 01 01 01 0b 0a 01 49 53 4b 00 04 74 be bf 01 
11:54:06.721 : 77 07 01 00 01 08 00 ff 65 00 1c 81 04 01 62 1e 52 03 63 39 79 01 01 01 63 2a e9 00 76 05 1b 34 22 6c 62 00 62 00 72 63 
11:54:06.771 : 77 01 0b 0a 01 49 53 4b 00 04 74 be bf 07 01 00 62 0a ff ff 72 62 01 65 09 11 5f 92 73 
11:54:06.772 : 77 07 01 00 60 32 01 01 01 01 01 01 04 49 53 4b 01 
11:54:06.820 : 77 07 01 00 60 01 00 ff 01 01 01 01 0b 0a 01 49 53 4b 00 04 74 be bf 01 
11:54:07.726 : 77 07 01 00 01 08 00 ff 65 00 1c 81 04 01 62 1e 52 03 63 39 79 01 01 01 63 11 de 00 76 05 1b 34 22 6f 62 00 62 00 72 63 
11:54:07.776 : 77 01 0b 0a 01 49 53 4b 00 04 74 be bf 07 01 00 62 0a ff ff 72 62 01 65 09 11 5f 93 73 
11:54:07.777 : 77 07 01 00 60 32 01 01 01 01 01 01 04 49 53 4b 01 
11:54:07.778 : 77 07 01 00 60 01 00 ff 01 01 01 01 0b 0a 01 49 53 4b 00 04 74 be bf 01 
11:54:08.737 : 77 07 01 00 01 08 00 ff 65 00 1c 81 04 01 62 1e 52 03 63 39 79 01 01 01 63 8f d9 00 76 05 1b 34 22 72 62 00 62 00 72 63 
11:54:08.738 : 77 01 0b 0a 01 49 53 4b 00 04 74 be bf 07 01 00 62 0a ff ff 72 62 01 65 09 11 5f 94 73 
11:54:08.788 : 77 07 01 00 60 32 01 01 01 01 01 01 04 49 53 4b 01 
11:54:08.789 : 77 07 01 00 60 01 00 ff 01 01 01 01 0b 0a 01 49 53 4b 00 04 74 be bf 01 
11:54:09.693 : 77 07 01 00 01 08 00 ff 65 00 1c 81 04 01 62 1e 52 03 63 39 79 01 01 01 63 23 ac 00 76 05 1b 34 22 75 62 00 62 00 72 63 
11:54:09.743 : 77 62 00 62 00 72 63 07 01 
11:54:09.743 : 77 01 0b 0a 01 49 53 4b 00 04 74 be bf 07 01 00 62 0a ff ff 72 62 01 65 09 11 5f 95 73 
11:54:09.792 : 77 07 01 00 60 32 01 01 01 01 01 01 04 49 53 4b 01 
11:54:09.794 : 77 07 01 00 60 01 00 ff 01 01 01 01 0b 0a 01 49 53 4b 00 04 74 be bf 01 
11:54:10.743 : 77 07 01 00 01 08 00 ff 65 00 1c 81 04 01 62 1e 52 03 63 39 79 01 01 01 63 ca be 00 76 05 1b 34 22 78 62 00 62 00 72 63 
11:54:10.744 : 77 01 0b 0a 01 49 53 4b 00 04 74 be bf 07 01 00 62 0a ff ff 72 62 01 65 09 11 5f 96 73 
11:54:10.793 : 77 07 01 00 60 32 01 01 01 01 01 01 04 49 53 4b 01 
11:54:10.794 : 77 07 01 00 60 01 00 ff 01 01 01 01 0b 0a 01 49 53 4b 00 04 74 be bf 01 
11:54:13.514 : 77 07 01 00 01 08 00 ff 65 00 1c 81 04 01 62 1e 52 03 63 39 79 01 01 01 63 d3 87 00 76 05 1b 34 22 7b 62 00 62 00 72 63 
11:54:13.515 : 77 01 0b 0a 01 49 53 4b 00 04 74 be bf 07 01 00 62 0a ff ff 72 62 01 65 09 11 5f 97 73 
11:54:13.516 : 77 07 01 00 60 32 01 01 01 01 01 01 04 49 53 4b 01 
11:54:13.517 : 77 07 01 00 60 01 00 ff 01 01 01 01 0b 0a 01 49 53 4b 00 04 74 be bf 01 
11:54:13.735 : 77 07 01 00 01 08 00 ff 65 00 1c 81 04 01 62 1e 52 03 63 39 79 01 01 01 63 2b 92 00 76 05 1b 34 22 7e 62 00 62 00 72 63 
11:54:13.736 : 77 01 0b 0a 01 49 53 4b 00 04 74 be bf 07 01 00 62 0a ff ff 72 62 01 65 09 11 5f 99 73 
11:54:13.785 : 77 07 01 00 60 32 01 01 01 01 01 01 04 49 53 4b 01 
11:54:13.786 : 77 07 01 00 60 01 00 ff 01 01 01 01 0b 0a 01 49 53 4b 00 04 74 be bf 01 
11:54:14.736 : 77 07 01 00 01 08 00 ff 65 00 1c 81 04 01 62 1e 52 03 63 39 79 01 01 01 63 9e c9 00 76 05 1b 34 22 84 62 00 62 00 72 63 
11:54:14.737 : 77 01 0b 0a 01 49 53 4b 00 04 74 be bf 07 01 00 62 0a ff ff 72 62 01 65 09 11 5f 9a 73 
11:54:14.786 : 77 07 01 00 60 32 01 01 01 01 01 01 04 49 53 4b 01 
11:54:14.787 : 77 07 01 00 60 01 00 ff 01 01 01 01 0b 0a 01 49 53 4b 00 04 74 be bf 01 
11:54:15.741 : 77 07 01 00 01 08 00 ff 65 00 1c 81 04 01 62 1e 52 03 63 39 79 01 01 01 63 a5 fe 00 76 05 1b 34 22 87 62 00 62 00 72 63 
11:54:15.742 : 77 01 0b 0a 01 49 53 4b 00 04 74 be bf 07 01 00 62 0a ff ff 72 62 01 65 09 11 5f 9b 73 
11:54:15.791 : 77 07 01 00 60 32 01 01 01 01 01 01 04 49 53 4b 01 
11:54:15.792 : 77 07 01 00 60 01 00 ff 01 01 01 01 0b 0a 01 49 53 4b 00 04 74 be bf 01 
11:54:16.748 : 77 07 01 00 01 08 00 ff 65 00 1c 81 04 01 62 1e 52 03 63 39 79 01 01 01 63 7f e5 00 76 05 1b 34 22 8a 62 00 62 00 72 63 
11:54:16.750 : 77 01 0b 0a 01 49 53 4b 00 04 74 be bf 07 01 00 62 0a ff ff 72 62 01 65 09 11 5f 9c 73 
11:54:16.751 : 77 07 01 00 60 32 01 01 01 01 01 01 04 49 53 4b 01 
11:54:16.799 : 77 07 01 00 60 01 00 ff 01 01 01 01 0b 0a 01 49 53 4b 00 04 74 be bf 01 
11:54:17.754 : 77 07 01 00 01 08 00 ff 65 00 1c 81 04 01 62 1e 52 03 63 39 79 01 01 01 63 d3 90 00 76 05 1b 34 22 8d 62 00 62 00 72 63 
11:54:17.756 : 77 01 0b 0a 01 49 53 4b 00 04 74 be bf 07 01 00 62 0a ff ff 72 62 01 65 09 11 5f 9d 73 
11:54:17.757 : 77 07 01 00 60 32 01 01 01 01 01 01 04 49 53 4b 01 
11:54:17.805 : 77 07 01 00 60 01 00 ff 01 01 01 01 0b 0a 01 49 53 4b 00 04 74 be bf 01 
11:54:18.705 : 77 07 01 00 01 08 00 ff 65 00 1c 81 04 01 62 1e 52 03 63 39 79 01 01 01 63 3a 82 00 76 05 1b 34 22 90 62 00 62 00 72 63 
11:54:18.755 : 77 01 0b 0a 01 49 53 4b 00 04 74 be bf 07 01 00 62 0a ff ff 72 62 01 65 09 11 5f 9e 73 
11:54:18.756 : 77 07 01 00 60 32 01 01 01 01 01 01 04 49 53 4b 01 
11:54:18.805 : 77 07 01 00 60 01 00 ff 01 01 01 01 0b 0a 01 49 53 4b 00 04 74 be bf 01 
11:54:19.710 : 77 07 01 00 01 08 00 ff 65 00 1c 81 04 01 62 1e 52 03 63 39 79 01 01 01 63 67 a7 00 76 05 1b 34 22 93 62 00 62 00 72 63 
11:54:19.759 : 77 01 0b 0a 01 49 53 4b 00 04 74 be bf 07 01 00 62 0a ff ff 72 62 01 65 09 11 5f 9f 73 
11:54:19.760 : 77 07 01 00 60 32 01 01 01 01 01 01 04 49 53 4b 01 
11:54:19.809 : 77 07 01 00 60 01 00 ff 01 01 01 01 0b 0a 01 49 53 4b 00 04 74 be bf 01 
11:54:19.859 : 77 07 01 00 01 08 00 ff 65 00 1c 81 04 01 62 1e 52 03 63 39 79 01 01 01 63 9f b2 00 76 05 1b 34 22 96 62 00 62 00 72 63 
11:54:20.711 : 77 64 00 00 00 1b 1b 1b 1b 1a 02 da 75 1b 1b 1b 1b 01 01 01 01 76 05 1b 34 22 97 62 00 62 00 72 63 01 01 76 01 01 05 09 
11:54:20.760 : 77 01 0b 0a 01 49 53 4b 00 04 74 be bf 07 01 00 62 0a ff ff 72 62 01 65 09 11 5f a0 73 
11:54:20.761 : 77 07 01 00 60 32 01 01 01 01 01 01 04 49 53 4b 01 
11:54:20.810 : 77 07 01 00 60 01 00 ff 01 01 01 01 0b 0a 01 49 53 4b 00 04 74 be bf 01 
11:54:21.716 : 77 07 01 00 01 08 00 ff 65 00 1c 81 04 01 62 1e 52 03 63 39 79 01 01 01 63 e8 4a 00 76 05 1b 34 22 99 62 00 62 00 72 63 
11:54:21.765 : 77 01 0b 0a 01 49 53 4b 00 04 74 be bf 07 01 00 62 0a ff ff 72 62 01 65 09 11 5f a1 73 
11:54:21.766 : 77 07 01 00 60 32 01 01 01 01 01 01 04 49 53 4b 01 
11:54:21.815 : 77 07 01 00 60 01 00 ff 01 01 01 01 0b 0a 01 49 53 4b 00 04 74 be bf 01 
11:54:22.721 : 77 07 01 00 01 08 00 ff 65 00 1c 81 04 01 62 1e 52 03 63 39 79 01 01 01 63 01 58 00 76 05 1b 34 22 9c 62 00 62 00 72 63 
11:54:22.771 : 77 01 0b 0a 01 49 53 4b 00 04 74 be bf 07 01 00 62 0a ff ff 72 62 01 65 09 11 5f a2 73 
11:54:22.772 : 77 07 01 00 60 32 01 01 01 01 01 01 04 49 53 4b 01 
11:54:22.821 : 77 07 01 00 60 01 00 ff 01 01 01 01 0b 0a 01 49 53 4b 00 04 74 be bf 01 
11:54:23.727 : 77 07 01 00 01 08 00 ff 65 00 1c 81 04 01 62 1e 52 03 63 39 79 01 01 01 63 3a 6f 00 76 05 1b 34 22 9f 62 00 62 00 72 63 
11:54:23.777 : 77 01 0b 0a 01 49 53 4b 00 04 74 be bf 07 01 00 62 0a ff ff 72 62 01 65 09 11 5f a3 73 
11:54:23.778 : 77 07 01 00 60 32 01 01 01 01 01 01 04 49 53 4b 01 
11:54:23.779 : 77 07 01 00 60 01 00 ff 01 01 01 01 0b 0a 01 49 53 4b 00 04 74 be bf 01 
11:54:24.728 : 77 07 01 00 01 08 00 ff 65 00 1c 81 04 01 62 1e 52 03 63 39 79 01 01 01 63 2c 50 00 76 05 1b 34 22 a2 62 00 62 00 72 63 
11:54:24.778 : 77 01 0b 0a 01 49 53 4b 00 04 74 be bf 07 01 00 62 0a ff ff 72 62 01 65 09 11 5f a4 73 
11:54:24.779 : 77 07 01 00 60 32 01 01 01 01 01 01 04 49 53 4b 01 
11:54:24.780 : 77 07 01 00 60 01 00 ff 01 01 01 01 0b 0a 01 49 53 4b 00 04 74 be bf 01 
11:54:25.746 : 77 07 01 00 01 08 00 ff 65 00 1c 81 04 01 62 1e 52 03 63 39 79 01 01 01 63 80 25 00 76 05 1b 34 22 a5 62 00 62 00 72 63 
11:54:25.747 : 77 01 0b 0a 01 49 53 4b 00 04 74 be bf 07 01 00 62 0a ff ff 72 62 01 65 09 11 5f a5 73 
11:54:25.796 : 77 07 01 00 60 32 01 01 01 01 01 01 04 49 53 4b 01 
11:54:25.796 : 77 07 01 00 60 01 00 ff 01 01 01 01 0b 0a 01 49 53 4b 00 04 74 be bf 01 
11:54:25.846 : 77 07 01 00 01 08 00 ff 65 00 1c 81 04 01 62 1e 52 03 63 39 79 01 01 01 63 69 37 00 76 05 1b 34 22 a8 62 00 62 00 72 63 
11:54:26.747 : 77 12 1b 1b 1b 1b 01 01 01 01 76 05 1b 34 22 a9 62 00 62 00 72 63 01 01 76 01 01 05 09 11 60 e3 0b 0a 01 49 53 4b 00 04 
11:54:26.748 : 77 01 0b 0a 01 49 53 4b 00 04 74 be bf 07 01 00 62 0a ff ff 72 62 01 65 09 11 5f a6 73 
11:54:26.797 : 77 07 01 00 60 32 01 01 01 01 01 01 04 49 53 4b 01 
11:54:26.798 : 77 07 01 00 60 01 00 ff 01 01 01 01 0b 0a 01 49 53 4b 00 04 74 be bf 01 
11:54:27.703 : 77 07 01 00 01 08 00 ff 65 00 1c 81 04 01 62 1e 52 03 63 39 79 01 01 01 63 70 0e 00 76 05 1b 34 22 ab 62 00 62 00 72 63 
11:54:27.753 : 77 01 0b 0a 01 49 53 4b 00 04 74 be bf 07 01 00 62 0a ff ff 72 62 01 65 09 11 5f a7 73 
11:54:27.754 : 77 07 01 00 60 32 01 01 01 01 01 01 04 49 53 4b 01 
11:54:27.803 : 77 07 01 00 60 01 00 ff 01 01 01 01 0b 0a 01 49 53 4b 00 04 74 be bf 01 
11:54:28.712 : 77 07 01 00 01 08 00 ff 65 00 1c 81 04 01 62 1e 52 03 63 39 79 01 01 01 63 88 1b 00 76 05 1b 34 22 ae 62 00 62 00 72 63 
11:54:28.762 : 77 01 0b 0a 01 49 53 4b 00 04 74 be bf 07 01 00 62 0a ff ff 72 62 01 65 09 11 5f a8 73 
11:54:28.763 : 77 07 01 00 60 32 01 01 01 01 01 01 04 49 53 4b 01 
11:54:28.812 : 77 07 01 00 60 01 00 ff 01 01 01 01 0b 0a 01 49 53 4b 00 04 74 be bf 01 
11:54:29.717 : 77 07 01 00 01 08 00 ff 65 00 1c 81 04 01 62 1e 52 03 63 39 79 01 01 01 63 6c f9 00 76 05 1b 34 22 b1 62 00 62 00 72 63 
11:54:29.767 : 77 01 0b 0a 01 49 53 4b 00 04 74 be bf 07 01 00 62 0a ff ff 72 62 01 65 09 11 5f a9 73 
11:54:29.768 : 77 07 01 00 60 32 01 01 01 01 01 01 04 49 53 4b 01 
11:54:29.817 : 77 07 01 00 60 01 00 ff 01 01 01 01 0b 0a 01 49 53 4b 00 04 74 be bf 01 
11:54:30.717 : 77 07 01 00 01 08 00 ff 65 00 1c 81 04 01 62 1e 52 03 63 39 79 01 01 01 63 85 eb 00 76 05 1b 34 22 b4 62 00 62 00 72 63 
11:54:30.767 : 77 01 0b 0a 01 49 53 4b 00 04 74 be bf 07 01 00 62 0a ff ff 72 62 01 65 09 11 5f aa 73 
11:54:30.768 : 77 07 01 00 60 32 01 01 01 01 01 01 04 49 53 4b 01 
11:54:30.817 : 77 07 01 00 60 01 00 ff 01 01 01 01 0b 0a 01 49 53 4b 00 04 74 be bf 01 
11:54:31.732 : 77 07 01 00 01 08 00 ff 65 00 1c 81 04 01 62 1e 52 03 63 39 79 01 01 01 63 be dc 00 76 05 1b 34 22 b7 62 00 62 00 72 63 
11:54:31.782 : 77 01 0b 0a 01 49 53 4b 00 04 74 be bf 07 01 00 62 0a ff ff 72 62 01 65 09 11 5f ab 73 
11:54:31.783 : 77 07 01 00 60 32 01 01 01 01 01 01 04 49 53 4b 01 
11:54:31.784 : 77 07 01 00 60 01 00 ff 01 01 01 01 0b 0a 01 49 53 4b 00 04 74 be bf 01 
11:54:32.733 : 77 07 01 00 01 08 00 ff 65 00 1c 81 04 01 62 1e 52 03 63 39 79 01 01 01 63 64 c7 00 76 05 1b 34 22 ba 62 00 62 00 72 63 
11:54:32.735 : 77 01 0b 0a 01 49 53 4b 00 04 74 be bf 07 01 00 62 0a ff ff 72 62 01 65 09 11 5f ac 73 
11:54:32.783 : 77 07 01 00 60 32 01 01 01 01 01 01 04 49 53 4b 01 
11:54:32.783 : 77 07 01 00 60 01 00 ff 01 01 01 01 0b 0a 01 49 53 4b 00 04 74 be bf 01 
11:54:33.738 : 77 07 01 00 01 08 00 ff 65 00 1c 81 04 01 62 1e 52 03 63 39 79 01 01 01 63 c8 b2 00 76 05 1b 34 22 bd 62 00 62 00 72 63 
11:54:33.739 : 77 01 0b 0a 01 49 53 4b 00 04 74 be bf 07 01 00 62 0a ff ff 72 62 01 65 09 11 5f ad 73 
11:54:33.788 : 77 07 01 00 60 32 01 01 01 01 01 01 04 49 53 4b 01 
11:54:33.788 : 77 07 01 00 60 01 00 ff 01 01 01 01 0b 0a 01 49 53 4b 00 04 74 be bf 01 
11:54:34.754 : 77 07 01 00 01 08 00 ff 65 00 1c 81 04 01 62 1e 52 03 63 39 79 01 01 01 63 21 a0 00 76 05 1b 34 22 c0 62 00 62 00 72 63 
11:54:34.756 : 77 01 0b 0a 01 49 53 4b 00 04 74 be bf 07 01 00 62 0a ff ff 72 62 01 65 09 11 5f ae 73 
11:54:34.756 : 77 07 01 00 60 32 01 01 01 01 01 01 04 49 53 4b 01 
11:54:34.804 : 77 07 01 00 60 01 00 ff 01 01 01 01 0b 0a 01 49 53 4b 00 04 74 be bf 01 
11:54:35.711 : 77 07 01 00 01 08 00 ff 65 00 1c 81 04 01 62 1e 52 03 63 39 79 01 01 01 63 e4 cc 00 76 05 1b 34 22 c3 62 00 62 00 72 63 
11:54:35.760 : 77 01 0b 0a 01 49 53 4b 00 04 74 be bf 07 01 00 62 0a ff ff 72 62 01 65 09 11 5f af 73 
11:54:35.762 : 77 07 01 00 60 32 01 01 01 01 01 01 04 49 53 4b 01 
11:54:35.810 : 77 07 01 00 60 01 00 ff 01 01 01 01 0b 0a 01 49 53 4b 00 04 74 be bf 01 
11:54:36.711 : 77 07 01 00 01 08 00 ff 65 00 1c 81 04 01 62 1e 52 03 63 39 79 01 01 01 63 1c d9 00 76 05 1b 34 22 c6 62 00 62 00 72 63 
11:54:36.760 : 77 01 0b 0a 01 49 53 4b 00 04 74 be bf 07 01 00 62 0a ff ff 72 62 01 65 09 11 5f b0 73 
11:54:36.762 : 77 07 01 00 60 32 01 01 01 01 01 01 04 49 53 4b 01 
11:54:36.810 : 77 07 01 00 60 01 00 ff 01 01 01 01 0b 0a 01 49 53 4b 00 04 74 be bf 01 
11:54:37.715 : 77 07 01 00 01 08 00 ff 65 00 1c 81 04 01 62 1e 52 03 63 39 79 01 01 01 63 f1 25 00 76 05 1b 34 22 c9 62 00 62 00 72 63 
11:54:37.765 : 77 01 0b 0a 01 49 53 4b 00 04 74 be bf 07 01 00 62 0a ff ff 72 62 01 65 09 11 5f b1 73 
11:54:37.767 : 77 07 01 00 60 32 01 01 01 01 01 01 04 49 53 4b 01 
11:54:37.815 : 77 07 01 00 60 01 00 ff 01 01 01 01 0b 0a 01 49 53 4b 00 04 74 be bf 01 
11:54:38.727 : 77 07 01 00 01 08 00 ff 65 00 1c 81 04 01 62 1e 52 03 63 39 79 01 01 01 63 18 37 00 76 05 1b 34 22 cc 62 00 62 00 72 63 
11:54:38.728 : 77 01 0b 0a 01 49 53 4b 00 04 74 be bf 07 01 00 62 0a ff ff 72 62 01 65 09 11 5f b2 73 
11:54:38.777 : 77 07 01 00 60 32 01 01 01 01 01 01 04 49 53 4b 01 
11:54:38.777 : 77 07 01 00 60 01 00 ff 01 01 01 01 0b 0a 01 49 53 4b 00 04 74 be bf 01 
11:54:39.732 : 77 07 01 00 01 08 00 ff 65 00 1c 81 04 01 62 1e 52 03 63 39 79 01 01 01 63 23 00 00 76 05 1b 34 22 cf 62 00 62 00 72 63 
11:54:39.781 : 77 01 0b 0a 01 49 53 4b 00 04 74 be bf 07 01 00 62 0a ff ff 72 62 01 65 09 11 5f b3 73 
11:54:39.783 : 77 07 01 00 60 32 01 01 01 01 01 01 04 49 53 4b 01 
11:54:39.784 : 77 07 01 00 60 01 00 ff 01 01 01 01 0b 0a 01 49 53 4b 00 04 74 be bf 01 
11:54:40.733 : 77 07 01 00 01 08 00 ff 65 00 1c 81 04 01 62 1e 52 03 63 39 79 01 01 01 63 bd 07 00 76 05 1b 34 22 d2 62 00 62 00 72 63 
11:54:40.735 : 77 01 0b 0a 01 49 53 4b 00 04 74 be bf 07 01 00 62 0a ff ff 72 62 01 65 09 11 5f b4 73 
11:54:40.783 : 77 07 01 00 60 32 01 01 01 01 01 01 04 49 53 4b 01 
11:54:40.783 : 77 07 01 00 60 01 00 ff 01 01 01 01 0b 0a 01 49 53 4b 00 04 74 be bf 01 
11:54:41.737 : 77 07 01 00 01 08 00 ff 65 00 1c 81 04 01 62 1e 52 03 63 39 79 01 01 01 63 11 72 00 76 05 1b 34 22 d5 62 00 62 00 72 63 
11:54:41.738 : 77 01 0b 0a 01 49 53 4b 00 04 74 be bf 07 01 00 62 0a ff ff 72 62 01 65 09 11 5f b5 73 
11:54:42.288 : 77 07 01 00 60 32 01 01 01 01 01 01 04 49 53 4b 01 
11:54:42.289 : 77 07 01 00 60 01 00 ff 01 01 01 01 0b 0a 01 49 53 4b 00 04 74 be bf 01 
11:54:42.751 : 77 07 01 00 01 08 00 ff 65 00 1c 81 04 01 62 1e 52 03 63 39 79 01 01 01 63 f8 60 00 76 05 1b 34 22 d8 62 00 62 00 72 63 
11:54:42.752 : 77 01 0b 0a 01 49 53 4b 00 04 74 be bf 07 01 00 62 0a ff ff 72 62 01 65 09 11 5f b6 73 
11:54:42.800 : 77 07 01 00 60 32 01 01 01 01 01 01 04 49 53 4b 01 
11:54:42.802 : 77 07 01 00 60 01 00 ff 01 01 01 01 0b 0a 01 49 53 4b 00 04 74 be bf 01 
11:54:43.707 : 77 07 01 00 01 08 00 ff 65 00 1c 81 04 01 62 1e 52 03 63 39 79 01 01 01 63 e1 59 00 76 05 1b 34 22 db 62 00 62 00 72 63 
11:54:43.756 : 77 01 0b 0a 01 49 53 4b 00 04 74 be bf 07 01 00 62 0a ff ff 72 62 01 65 09 11 5f b7 73 
11:54:43.757 : 77 07 01 00 60 32 01 01 01 01 01 01 04 49 53 4b 01 
11:54:43.806 : 77 07 01 00 60 01 00 ff 01 01 01 01 0b 0a 01 49 53 4b 00 04 74 be bf 01 
11:54:44.706 : 77 07 01 00 01 08 00 ff 65 00 1c 81 04 01 62 1e 52 03 63 39 79 01 01 01 63 19 4c 00 76 05 1b 34 22 de 62 00 62 00 72 63 
11:54:44.756 : 77 01 0b 0a 01 49 53 4b 00 04 74 be bf 07 01 00 62 0a ff ff 72 62 01 65 09 11 5f b8 73 
11:54:44.757 : 77 07 01 00 60 32 01 01 01 01 01 01 04 49 53 4b 01 
11:54:44.806 : 77 07 01 00 60 01 00 ff 01 01 01 01 0b 0a 01 49 53 4b 00 04 74 be bf 01 
11:54:45.712 : 77 07 01 00 01 08 00 ff 65 00 1c 81 04 01 62 1e 52 03 63 39 79 01 01 01 63 75 96 00 76 05 1b 34 22 e1 62 00 62 00 72 63 
11:54:45.764 : 77 01 0b 0a 01 49 53 4b 00 04 74 be bf 07 01 00 62 0a ff ff 72 62 01 65 09 11 5f b9 73 
11:54:45.765 : 77 07 01 00 60 32 01 01 01 01 01 01 04 49 53 4b 01 
11:54:45.901 : 77 07 01 00 60 01 00 ff 01 01 01 01 0b 0a 01 49 53 4b 00 04 74 be bf 01 
11:54:46.714 : 77 07 01 00 01 08 00 ff 65 00 1c 81 04 01 62 1e 52 03 63 39 79 01 01 01 63 9c 84 00 76 05 1b 34 22 e4 62 00 62 00 72 63 
11:54:46.764 : 77 01 0b 0a 01 49 53 4b 00 04 74 be bf 07 01 00 62 0a ff ff 72 62 01 65 09 11 5f ba 73 
11:54:46.765 : 77 07 01 00 60 32 01 01 01 01 01 01 04 49 53 4b 01 
11:54:46.814 : 77 07 01 00 60 01 00 ff 01 01 01 01 0b 0a 01 49 53 4b 00 04 74 be bf 01 
11:54:47.719 : 77 07 01 00 01 08 00 ff 65 00 1c 81 04 01 62 1e 52 03 63 39 79 01 01 01 63 a7 b3 00 76 05 1b 34 22 e7 62 00 62 00 72 63 
11:54:47.769 : 77 01 0b 0a 01 49 53 4b 00 04 74 be bf 07 01 00 62 0a ff ff 72 62 01 65 09 11 5f bb 73 
11:54:47.770 : 77 07 01 00 60 32 01 01 01 01 01 01 04 49 53 4b 01 
11:54:47.818 : 77 07 01 00 60 01 00 ff 01 01 01 01 0b 0a 01 49 53 4b 00 04 74 be bf 01 
11:54:48.722 : 77 07 01 00 01 08 00 ff 65 00 1c 81 04 01 62 1e 52 03 63 39 79 01 01 01 63 7d a8 00 76 05 1b 34 22 ea 62 00 62 00 72 63 
11:54:48.771 : 77 01 0b 0a 01 49 53 4b 00 04 74 be bf 07 01 00 62 0a ff ff 72 62 01 65 09 11 5f bc 73 
11:54:48.772 : 77 07 01 00 60 32 01 01 01 01 01 01 04 49 53 4b 01 
11:54:48.821 : 77 07 01 00 60 01 00 ff 01 01 01 01 0b 0a 01 49 53 4b 00 04 74 be bf 01 
11:54:49.728 : 77 07 01 00 01 08 00 ff 65 00 1c 81 04 01 62 1e 52 03 63 39 79 01 01 01 63 d1 dd 00 76 05 1b 34 22 ed 62 00 62 00 72 63 
11:54:49.778 : 77 01 0b 0a 01 49 53 4b 00 04 74 be bf 07 01 00 62 0a ff ff 72 62 01 65 09 11 5f bd 73 
11:54:49.779 : 77 07 01 00 60 32 01 01 01 01 01 01 04 49 53 4b 01 
11:54:49.780 : 77 07 01 00 60 01 00 ff 01 01 01 01 0b 0a 01 49 53 4b 00 04 74 be bf 01 
11:54:50.728 : 77 07 01 00 01 08 00 ff 65 00 1c 81 04 01 62 1e 52 03 63 39 79 01 01 01 63 38 cf 00 76 05 1b 34 22 f0 62 00 62 00 72 63 
11:54:50.778 : 77 01 0b 0a 01 49 53 4b 00 04 74 be bf 07 01 00 62 0a ff ff 72 62 01 65 09 11 5f be 73 
11:54:50.779 : 77 07 01 00 60 32 01 01 01 01 01 01 04 49 53 4b 01 
11:54:50.827 : 77 07 01 00 60 01 00 ff 01 01 01 01 0b 0a 01 49 53 4b 00 04 74 be bf 01 
11:54:51.734 : 77 07 01 00 01 08 00 ff 65 00 1c 81 04 01 62 1e 52 03 63 39 79 01 01 01 63 65 ea 00 76 05 1b 34 22 f3 62 00 62 00 72 63 
11:54:51.784 : 77 01 0b 0a 01 49 53 4b 00 04 74 be bf 07 01 00 62 0a ff ff 72 62 01 65 09 11 5f bf 73 
11:54:51.785 : 77 07 01 00 60 32 01 01 01 01 01 01 04 49 53 4b 01 
11:54:51.786 : 77 07 01 00 60 01 00 ff 01 01 01 01 0b 0a 01 49 53 4b 00 04 74 be bf 01 
11:54:52.735 : 77 07 01 00 01 08 00 ff 65 00 1c 81 04 01 62 1e 52 03 63 39 79 01 01 01 63 9d ff 00 76 05 1b 34 22 f6 62 00 62 00 72 63 
11:54:52.736 : 77 01 0b 0a 01 49 53 4b 00 04 74 be bf 07 01 00 62 0a ff ff 72 62 01 65 09 11 5f c0 73 
11:54:52.785 : 77 07 01 00 60 32 01 01 01 01 01 01 04 49 53 4b 01 
11:54:52.786 : 77 07 01 00 60 01 00 ff 01 01 01 01 0b 0a 01 49 53 4b 00 04 74 be bf 01 
11:54:53.720 : 77 07 01 00 01 08 00 ff 65 00 1c 81 04 01 62 1e 52 03 63 39 79 01 01 01 63 de 0e 00 76 05 1b 34 22 f9 62 00 62 00 72 63 
11:54:53.775 : 77 01 0b 0a 01 49 53 4b 00 04 74 be bf 07 01 00 62 0a ff ff 72 62 01 65 09 11 5f c1 73 
11:54:53.776 : 77 07 01 00 60 32 01 01 01 01 01 01 04 49 53 4b 01 
11:54:53.777 : 77 07 01 00 60 01 00 ff 01 01 01 01 0b 0a 01 49 53 4b 00 04 74 be bf 01 
11:54:54.725 : 77 07 01 00 01 08 00 ff 65 00 1c 81 04 01 62 1e 52 03 63 39 79 01 01 01 63 37 1c 00 76 05 1b 34 22 fc 62 00 62 00 72 63 
11:54:54.774 : 77 01 0b 0a 01 49 53 4b 00 04 74 be bf 07 01 00 62 0a ff ff 72 62 01 65 09 11 5f c2 73 
11:54:54.776 : 77 07 01 00 60 32 01 01 01 01 01 01 04 49 53 4b 01 
11:54:54.777 : 77 07 01 00 60 01 00 ff 01 01 01 01 0b 0a 01 49 53 4b 00 04 74 be bf 01 
11:54:55.766 : 77 07 01 00 01 08 00 ff 65 00 1c 81 04 01 62 1e 52 03 63 39 79 01 01 01 63 0c 2b 00 76 05 1b 34 22 ff 62 00 62 00 72 63 
11:54:55.768 : 77 01 0b 0a 01 49 53 4b 00 04 74 be bf 07 01 00 62 0a ff ff 72 62 01 65 09 11 5f c3 73 
11:54:55.769 : 77 07 01 00 60 32 01 01 01 01 01 01 04 49 53 4b 01 
11:54:55.781 : 77 07 01 00 60 01 00 ff 01 01 01 01 0b 0a 01 49 53 4b 00 04 74 be bf 01 
11:54:56.731 : 77 07 01 00 01 08 00 ff 65 00 1c 81 04 01 62 1e 52 03 63 39 79 01 01 01 63 65 41 00 76 05 1b 34 23 02 62 00 62 00 72 63 
11:54:56.780 : 77 01 0b 0a 01 49 53 4b 00 04 74 be bf 07 01 00 62 0a ff ff 72 62 01 65 09 11 5f c4 73 
11:54:56.782 : 77 07 01 00 60 32 01 01 01 01 01 01 04 49 53 4b 01 
11:54:56.783 : 77 07 01 00 60 01 00 ff 01 01 01 01 0b 0a 01 49 53 4b 00 04 74 be bf 01 
11:54:57.731 : 77 07 01 00 01 08 00 ff 65 00 1c 81 04 01 62 1e 52 03 63 39 79 01 01 01 63 c9 34 00 76 05 1b 34 23 05 62 00 62 00 72 63 
11:54:57.733 : 77 01 0b 0a 01 49 53 4b 00 04 74 be bf 07 01 00 62 0a ff ff 72 62 01 65 09 11 5f c5 73 
11:54:57.786 : 77 07 01 00 60 32 01 01 01 01 01 01 04 49 53 4b 01 
11:54:57.787 : 77 07 01 00 60 01 00 ff 01 01 01 01 0b 0a 01 49 53 4b 00 04 74 be bf 01 
11:54:58.736 : 77 07 01 00 01 08 00 ff 65 00 1c 81 04 01 62 1e 52 03 63 39 79 01 01 01 63 20 26 00 76 05 1b 34 23 08 62 00 62 00 72 63 
11:54:58.737 : 77 01 0b 0a 01 49 53 4b 00 04 74 be bf 07 01 00 62 0a ff ff 72 62 01 65 09 11 5f c6 73 
11:54:58.786 : 77 07 01 00 60 32 01 01 01 01 01 01 04 49 53 4b 01 
11:54:58.787 : 77 07 01 00 60 01 00 ff 01 01 01 01 0b 0a 01 49 53 4b 00 04 74 be bf 01 
11:54:59.740 : 77 07 01 00 01 08 00 ff 65 00 1c 81 04 01 62 1e 52 03 63 39 79 01 01 01 63 39 1f 00 76 05 1b 34 23 0b 62 00 62 00 72 63 
11:54:59.741 : 77 01 0b 0a 01 49 53 4b 00 04 74 be bf 07 01 00 62 0a ff ff 72 62 01 65 09 11 5f c7 73 
11:54:59.795 : 77 07 01 00 60 32 01 01 01 01 01 01 04 49 53 4b 01 
11:54:59.796 : 77 07 01 00 60 01 00 ff 01 01 01 01 0b 0a 01 49 53 4b 00 04 74 be bf 01 
11:55:00.745 : 77 07 01 00 01 08 00 ff 65 00 1c 81 04 01 62 1e 52 03 63 39 79 01 01 01 63 c1 0a 00 76 05 1b 34 23 0e 62 00 62 00 72 63 
11:55:00.746 : 77 01 0b 0a 01 49 53 4b 00 04 74 be bf 07 01 00 62 0a ff ff 72 62 01 65 09 11 5f c8 73 
11:55:00.794 : 77 07 01 00 60 32 01 01 01 01 01 01 04 49 53 4b 01 
11:55:00.796 : 77 07 01 00 60 01 00 ff 01 01 01 01 0b 0a 01 49 53 4b 00 04 74 be bf 01 
